[gd_scene load_steps=11 format=3 uid="uid://dt3ufad46t4vw"]

[ext_resource type="Texture2D" uid="uid://caggsq8fg2u1n" path="res://Assets/3D/Sky/SkyBox.png" id="1_3f8ok"]
[ext_resource type="Script" uid="uid://bxk0n4o8unuc7" path="res://Scripts/3D/MainInterface.cs" id="1_s32wt"]
[ext_resource type="PackedScene" uid="uid://be6teleivk3hh" path="res://Assets/3D/Mountain.blend" id="2_s32wt"]
[ext_resource type="Texture2D" uid="uid://du7l8m1frut4f" path="res://Assets/万家灯火/decal/motonine_fog/motonine_fog000.png" id="2_ysvct"]
[ext_resource type="Script" uid="uid://b7lrp25dw42qo" path="res://Scripts/3D/Mountain.cs" id="3_3f8ok"]

[sub_resource type="PanoramaSkyMaterial" id="PanoramaSkyMaterial_r6h1d"]
panorama = ExtResource("1_3f8ok")
energy_multiplier = 0.7

[sub_resource type="Sky" id="Sky_ew8cx"]
sky_material = SubResource("PanoramaSkyMaterial_r6h1d")
process_mode = 3

[sub_resource type="Environment" id="Environment_7tt5k"]
background_mode = 2
sky = SubResource("Sky_ew8cx")
tonemap_mode = 3
tonemap_exposure = 1.3
tonemap_white = 16.0
glow_enabled = true
glow_levels/2 = 1.0
glow_levels/4 = 1.0
glow_levels/6 = 1.0
glow_levels/7 = 1.0
glow_normalized = true
fog_mode = 1
fog_light_energy = 1.09
fog_sun_scatter = 0.24
fog_density = 1.0
fog_sky_affect = 0.071
fog_height = 1.0
fog_height_density = 2.9349
fog_depth_curve = 0.133972
fog_depth_begin = 1075.1
fog_depth_end = 3282.7
volumetric_fog_enabled = true
volumetric_fog_density = 0.0
volumetric_fog_ambient_inject = 3.54

[sub_resource type="CameraAttributesPractical" id="CameraAttributesPractical_r6h1d"]
dof_blur_far_enabled = true
dof_blur_far_distance = 3500.0
dof_blur_far_transition = 1653.3
dof_blur_near_enabled = true

[sub_resource type="FogMaterial" id="FogMaterial_s32wt"]
density = 1.7192
height_falloff = 1.90735
edge_fade = 11.143

[node name="MainInterface" type="Node3D"]
script = ExtResource("1_s32wt")

[node name="ParallaxBackground" type="ParallaxBackground" parent="."]

[node name="Parallax2D" type="Parallax2D" parent="ParallaxBackground"]
repeat_size = Vector2(500, 500)
autoscroll = Vector2(-10, 10)
repeat_times = 100

[node name="MotonineFog000" type="Sprite2D" parent="ParallaxBackground/Parallax2D"]
position = Vector2(95, 127)
texture = ExtResource("2_ysvct")

[node name="Parallax2D2" type="Parallax2D" parent="ParallaxBackground"]
repeat_size = Vector2(500, 500)
autoscroll = Vector2(-20, 0)
repeat_times = 100

[node name="MotonineFog000" type="Sprite2D" parent="ParallaxBackground/Parallax2D2"]
position = Vector2(208, 33)
texture = ExtResource("2_ysvct")

[node name="Parallax2D3" type="Parallax2D" parent="ParallaxBackground"]
repeat_size = Vector2(500, 500)
autoscroll = Vector2(0, 7)
repeat_times = 100

[node name="MotonineFog000" type="Sprite2D" parent="ParallaxBackground/Parallax2D3"]
position = Vector2(118, 200)
texture = ExtResource("2_ysvct")

[node name="Parallax2D4" type="Parallax2D" parent="ParallaxBackground"]
scroll_offset = Vector2(307, -143)
autoscroll = Vector2(-30, 0)
repeat_times = 100

[node name="MotonineFog000" type="Sprite2D" parent="ParallaxBackground/Parallax2D4"]
position = Vector2(95, 127)
texture = ExtResource("2_ysvct")

[node name="Parallax2D5" type="Parallax2D" parent="ParallaxBackground"]
scroll_offset = Vector2(293, 27)
autoscroll = Vector2(0, -20)
repeat_times = 100

[node name="MotonineFog000" type="Sprite2D" parent="ParallaxBackground/Parallax2D5"]
position = Vector2(95, 127)
texture = ExtResource("2_ysvct")

[node name="WorldEnvironment" type="WorldEnvironment" parent="."]
environment = SubResource("Environment_7tt5k")
camera_attributes = SubResource("CameraAttributesPractical_r6h1d")

[node name="DirectionalLight3D" type="DirectionalLight3D" parent="."]
transform = Transform3D(-0.866023, -0.433016, 0.250001, 0, 0.499998, 0.866027, -0.500003, 0.749999, -0.43301, 0, 0, 0)
light_energy = 0.7
light_volumetric_fog_energy = 0.651
light_bake_mode = 1
shadow_enabled = true

[node name="Mountain" parent="." instance=ExtResource("2_s32wt")]
script = ExtResource("3_3f8ok")

[node name="CameraPivot" type="Node3D" parent="Mountain"]

[node name="Camera3D" type="Camera3D" parent="Mountain/CameraPivot"]
transform = Transform3D(0.946377, -0.0344848, -0.32122, 0.0155929, 0.998004, -0.0612017, 0.322689, 0.0529111, 0.945025, -2.70522, 4.92721, 8.42568)
current = true

[node name="FogVolume" type="FogVolume" parent="."]
transform = Transform3D(1, 0, 0, 0, 1, 0, 0, 0, 1, 0, -0.785881, 0)
size = Vector3(100, 10, 100)
material = SubResource("FogMaterial_s32wt")

[node name="OmniLight3D" type="OmniLight3D" parent="."]
transform = Transform3D(1, 0, 0, 0, 1, 0, 0, 0, 1, 0, 1.58551, 5.23396)
light_color = Color(0.922252, 0.669567, 0.895103, 1)
light_energy = 1.853
omni_range = 229.433

[node name="OmniLight3D3" type="OmniLight3D" parent="."]
transform = Transform3D(1, 0, 0, 0, 1, 0, 0, 0, 1, -3.93534, 9.3529, -0.888303)
light_color = Color(0.922252, 0.669567, 0.895103, 1)
light_energy = 1.853
omni_range = 229.433

[node name="OmniLight3D4" type="OmniLight3D" parent="."]
transform = Transform3D(1, 0, 0, 0, 1, 0, 0, 0, 1, 5.9898, 7.17971, 2.25678)
light_color = Color(0.922252, 0.669567, 0.895103, 1)
light_energy = 1.853
omni_range = 229.433

[node name="OmniLight3D2" type="OmniLight3D" parent="."]
transform = Transform3D(1, 0, 0, 0, 1, 0, 0, 0, 1, 2.54251, 5.40727, 0)
light_color = Color(0.268162, 0.285378, 0.43681, 1)

[node name="Marker3D" type="Marker3D" parent="."]
transform = Transform3D(1, 0, 0, 0, 1, 0, 0, 0, 1, 0.628893, 2.37198, 8.1425)

[node name="Cameras" type="Node3D" parent="."]

[node name="Camera1" type="Camera3D" parent="Cameras"]
transform = Transform3D(0.764327, 0.0252152, -0.644336, 0.047323, 0.994347, 0.0950481, 0.64309, -0.10314, 0.758813, -0.551416, 2.05807, 8.28458)

[node name="Camera2" type="Camera3D" parent="Cameras"]
transform = Transform3D(0.892289, -0.0848516, 0.443419, 0.047323, 0.994347, 0.0950482, -0.448977, -0.0638265, 0.891261, 6.14171, 7.39104, 2.96438)

[node name="Camera3" type="Camera3D" parent="Cameras"]
transform = Transform3D(-0.281952, 0.104583, -0.953711, 0.047323, 0.994347, 0.0950481, 0.958261, -0.0183335, -0.285307, -3.54847, 10.0035, -0.82552)
